47.6                      -1.8                      35.2                       Shower
117                       -28                      	282.6                      Shower
78.7            	        -31.2                       	127.9                      Track
165.4          	                -51.2                        	169.5                      Shower   
71.4            	        -0.4                       	110.6                      Track
28.4            	        -27.2                      	133.9                      Shower
34.3            	        -45.1                        	15.6                       Shower 
32.6           	                -21.2                        	182.4                      Track
63.2            	        33.6                        	151.3                      Shower
97.2            	        -29.4                        	5.0                        Shower  
88.4            	        -8.9                        	155.3                      Shower 
104.1            	        -52.8                       	296.1                      Shower
252.7            	        40.3                        	67.9                       Track
1040.7            	        -27.9                        	265.6                      Shower
57.5            	        -49.7                        	287.3                      Shower
30.6            	        -22.6                        	192.1                      Shower  
199.7            	        14.5                        	247.4                      Shower
31.5            	        -24.8                        	345.6                      Track
71.5            	        -59.7                        	76.9                       Shower
1140.8            	        -67.2                        	38.3                       Shower
30.2            	        -24.0                       	9.0                        Shower
219.5                           -22.1                           293.7                      Shower
82.2            	        -13.2                        	208.7                      Track
30.5            	        -15.1                        	282.2                      Shower
33.5            	        -14.5                        	286.0                      Shower
210.0            	        22.7                       	143.4                      Shower
60.2            	        -12.6                        	121.7                      Shower
46.1            	        -71.5                       	164.8                      Track
32.7            	        41.0                        	298.1                      Shower 
129            	                -82.7                        	103.2                      Shower
42.5            	        78.3                        	146.1                      Shower 
385            	                7.8                        	292.5                      Shower 
42.1            	        31.3                        	323.4                      Shower
2004            	        -55.8                        	208.4                      Shower
28.9            	        -3.0                        	257.7                      Shower
30.8            	        20.7                        	167.3                      Track